      0/99    0.856G   0.07434   0.07833   0.01602    0.1687         3       640    0.6893    0.6328    0.6675    0.2993   0.04447   0.06805  0.006815
      1/99    0.856G    0.0536   0.07114  0.005329    0.1301         4       640    0.8474    0.7607    0.8268    0.3709   0.04032   0.06528  0.003085
      2/99    0.856G   0.04973   0.06999  0.004207    0.1239        27       640     0.884    0.7976    0.8634    0.4593   0.03664   0.06404   0.00267
      3/99    0.856G    0.0451   0.06929  0.003383    0.1178         1       640    0.9032    0.8316    0.8891    0.5145   0.03329   0.06265  0.002236
      4/99    0.875G   0.04083   0.06707  0.002729    0.1106         3       640    0.8938    0.8417    0.8937    0.5201   0.03239   0.06247  0.001828
      5/99    0.877G   0.03906   0.06623  0.002361    0.1077         4       640    0.9233      0.82     0.894    0.5254   0.03202   0.06167  0.001885
      6/99    0.875G   0.03714   0.06346  0.001823    0.1024         3       640    0.9083    0.8468    0.9051     0.536    0.0313   0.06133  0.001704
      7/99    0.875G    0.0356   0.06044  0.001084   0.09712         3       640    0.9116    0.8429    0.8996    0.5274   0.03109   0.06171   0.00177
      8/99    0.877G   0.03596   0.06337  0.001594    0.1009         4       640    0.9245    0.8452    0.9046    0.5393   0.03082   0.06112  0.001804
      9/99    0.877G   0.03577   0.06334   0.00208    0.1012        27       640    0.9214    0.8434    0.9069    0.5425    0.0307   0.06101  0.001702
     10/99    0.877G   0.03606    0.0635  0.001847    0.1014         1       640    0.9222    0.8519    0.9127    0.5524   0.03019   0.06057  0.001778
     11/99    0.877G   0.03569   0.06354  0.001889    0.1011         7       640    0.9162    0.8523    0.9106    0.5467   0.03039   0.06038  0.001698
     12/99    0.877G    0.0351   0.06299  0.002045    0.1001         4       640    0.9054    0.8616    0.9095    0.5513   0.03007   0.06027  0.001603
     13/99    0.877G    0.0353   0.06293  0.002006    0.1002        10       640    0.9251    0.8597    0.9141    0.5542    0.0301   0.06023  0.001574
     14/99    0.877G   0.03491    0.0624  0.001772   0.09909         8       640    0.9205    0.8577    0.9185    0.5609   0.02973    0.0599  0.001584
     15/99    0.877G   0.03443   0.06191  0.001852    0.0982        32       640    0.9233    0.8675    0.9193    0.5644   0.02966   0.05979  0.001391
     16/99    0.877G   0.03437   0.06236    0.0016   0.09832         2       640    0.9304    0.8524    0.9197    0.5647   0.02954    0.0598  0.001493
     17/99    0.877G   0.03406   0.06159  0.001633   0.09729        57       640    0.9273    0.8679    0.9206    0.5636   0.02946   0.05947   0.00143
     18/99    0.877G    0.0342   0.06253  0.001522   0.09826         3       640    0.9263    0.8645    0.9215    0.5672   0.02947   0.05951  0.001348
     19/99    0.877G   0.03406   0.06194  0.001499    0.0975        14       640    0.9296    0.8739    0.9254    0.5704   0.02934    0.0594  0.001482
     20/99    0.877G   0.03362   0.06149  0.001722   0.09683        90       640    0.9198    0.8686    0.9201    0.5669   0.02935   0.05937  0.001591
     21/99    0.877G    0.0337   0.06204  0.001416   0.09715        10       640     0.931     0.874    0.9258    0.5717   0.02921    0.0593  0.001375
     22/99    0.877G    0.0332   0.06001  0.001433   0.09465         7       640    0.9299    0.8713    0.9254    0.5691   0.02915   0.05938  0.001421
     23/99    0.877G   0.03333   0.06067  0.001458   0.09546         7       640    0.9298    0.8731    0.9274    0.5742   0.02899   0.05918    0.0015
     24/99    0.877G   0.03314   0.06081  0.001446    0.0954        30       640    0.9303    0.8697    0.9255    0.5713   0.02903   0.05903  0.001387
     25/99    0.877G    0.0333   0.06103  0.001522   0.09585        20       640     0.934    0.8727    0.9254    0.5743   0.02895   0.05902  0.001498
     26/99    0.877G   0.03317   0.06024  0.001508   0.09492         1       640    0.9244    0.8738    0.9263    0.5726    0.0289   0.05907  0.001327
     27/99    0.877G   0.03283    0.0612  0.001364    0.0954        13       640    0.9261    0.8746    0.9251    0.5758   0.02873   0.05905   0.00139
     28/99    0.877G   0.03289   0.06029  0.001207   0.09438         9       640    0.9337    0.8677    0.9247    0.5754   0.02875   0.05899  0.001417
     29/99    0.877G   0.03279    0.0606  0.001297   0.09469        16       640    0.9337     0.876    0.9292    0.5774   0.02875   0.05895  0.001445
     30/99    0.877G   0.03261   0.06012  0.001134   0.09387         4       640     0.934     0.875    0.9282    0.5781   0.02864   0.05893  0.001467
     31/99    0.877G   0.03222   0.05967  0.001316   0.09321        16       640    0.9354    0.8787    0.9284    0.5802   0.02866   0.05881  0.001422
     32/99    0.877G   0.03244   0.05993  0.001274   0.09365         5       640    0.9356    0.8784    0.9305    0.5808    0.0287    0.0587  0.001382
     33/99    0.877G   0.03221   0.05921  0.001149   0.09257        11       640    0.9407    0.8799    0.9319    0.5835   0.02855   0.05856  0.001393
     34/99    0.877G   0.03229   0.05917  0.001175   0.09263         2       640    0.9363     0.876    0.9295    0.5837   0.02855   0.05865  0.001372
     35/99    0.877G   0.03219   0.05997  0.001036    0.0932         3       640    0.9374    0.8845    0.9341     0.586   0.02843   0.05842  0.001304
     36/99    0.877G   0.03185   0.05922  0.001063   0.09214         5       640    0.9402    0.8799    0.9329    0.5855   0.02835    0.0582  0.001437
     37/99    0.877G   0.03201   0.05964  0.001056   0.09271        62       640    0.9411     0.884    0.9321    0.5837   0.02836   0.05839  0.001323
     38/99    0.877G   0.03215   0.05933  0.001195   0.09267        51       640    0.9377    0.8859    0.9307    0.5832   0.02831   0.05851  0.001378
     39/99    0.877G   0.03216   0.06025   0.00124   0.09365        89       640    0.9246    0.8906    0.9302    0.5846   0.02835   0.05838   0.00144
     40/99    0.877G   0.03175   0.06025  0.001148   0.09315        12       640    0.9335    0.8857    0.9319     0.584   0.02829   0.05837  0.001401
     41/99    0.877G   0.03179   0.05969   0.00112   0.09259         9       640     0.938    0.8834    0.9332    0.5881   0.02818   0.05829  0.001386
     42/99    0.877G   0.03164   0.05888  0.001106   0.09163        48       640    0.9341    0.8827    0.9305     0.582   0.02829   0.05841  0.001602
     43/99    0.877G   0.03138   0.05866  0.001036   0.09107        69       640     0.937    0.8801     0.932     0.589   0.02813   0.05821  0.001464
     44/99    0.877G   0.03113   0.05824 0.0009448   0.09032        36       640    0.9338    0.8863    0.9338    0.5887   0.02816   0.05824  0.001422
     45/99    0.877G   0.03137    0.0587  0.001104   0.09117         5       640    0.9398     0.885    0.9332    0.5893   0.02808   0.05812  0.001481
     46/99    0.877G    0.0312   0.05844 0.0009708   0.09061        83       640    0.9328    0.8914    0.9315    0.5883   0.02798   0.05802  0.001502
     47/99    0.877G   0.03119   0.05908 0.0008894   0.09116        52       640    0.9386    0.8843    0.9332    0.5879   0.02812   0.05807  0.001524
     48/99    0.877G    0.0313    0.0593 0.0009832   0.09159        22       640    0.9383    0.8891    0.9346    0.5902   0.02789   0.05801  0.001415
     49/99    0.877G   0.03129   0.05929 0.0009643   0.09154        20       640    0.9377    0.8887     0.934    0.5921   0.02791   0.05798  0.001389
     50/99    0.877G    0.0313    0.0587 0.0009414   0.09094        52       640    0.9396    0.8857    0.9344    0.5912   0.02794   0.05807  0.001437
     51/99    0.877G   0.03084   0.05859 0.0008703    0.0903        26       640    0.9393    0.8897     0.933    0.5898   0.02791   0.05814  0.001491
     52/99    0.877G     0.031   0.05886 0.0008671   0.09073         6       640      0.93     0.894    0.9333    0.5886   0.02797   0.05804  0.001394
     53/99    0.877G   0.03085   0.05827 0.0008344   0.08996        25       640    0.9346    0.8929    0.9353    0.5911   0.02785     0.058  0.001387
     54/99    0.877G    0.0309   0.05838 0.0008415   0.09012        17       640    0.9358    0.8899    0.9349    0.5898   0.02791   0.05788   0.00144
     55/99    0.877G   0.03072   0.05811 0.0008229   0.08965         7       640    0.9363    0.8919    0.9355    0.5901   0.02784   0.05796  0.001518
     56/99    0.877G   0.03061   0.05786 0.0007234   0.08919        60       640    0.9428    0.8793    0.9339    0.5897    0.0278   0.05791  0.001464
     57/99    0.877G   0.03074   0.05864 0.0007734   0.09015        24       640    0.9334    0.8945    0.9337    0.5912    0.0278    0.0579  0.001425
     58/99    0.877G    0.0306   0.05818 0.0007495   0.08954         8       640    0.9426    0.8863    0.9352    0.5917   0.02781   0.05789  0.001417
     59/99    0.875G   0.03019   0.05732 0.0007029   0.08821         3       640    0.9385     0.891    0.9354    0.5925   0.02777   0.05801  0.001394
     60/99    0.877G    0.0302   0.05814 0.0007752   0.08911         4       640    0.9417    0.8896    0.9359    0.5934   0.02775   0.05796  0.001365
     61/99    0.877G   0.02998   0.05698 0.0007695   0.08772        27       640    0.9427    0.8878     0.937    0.5931    0.0277   0.05793  0.001422
     62/99    0.877G   0.03032    0.0574 0.0006811   0.08841         1       640    0.9364    0.8944    0.9363    0.5954   0.02767   0.05786  0.001404
     63/99    0.877G    0.0301   0.05728 0.0007197   0.08809         7       640    0.9399    0.8939    0.9375    0.5957   0.02761   0.05787  0.001446
     64/99    0.877G   0.03004   0.05693 0.0007359   0.08771         4       640    0.9378    0.8884    0.9361    0.5956   0.02767   0.05779  0.001374
     65/99    0.877G   0.03008   0.05702 0.0006864   0.08779        10       640    0.9323    0.9013    0.9363    0.5943   0.02764   0.05769  0.001373
     66/99    0.877G   0.02982   0.05671 0.0006553   0.08718         8       640    0.9381    0.8994    0.9383    0.5955   0.02758   0.05764  0.001377
     67/99    0.877G   0.02978   0.05638 0.0006227   0.08678        32       640     0.945     0.892    0.9379    0.5967   0.02754   0.05772   0.00138
     68/99    0.877G   0.02984   0.05704  0.000605   0.08749         2       640    0.9397    0.8972    0.9384    0.5978   0.02757   0.05777  0.001368
     69/99    0.877G   0.02954   0.05637  0.000583    0.0865        57       640    0.9443    0.8899    0.9373    0.5972   0.02759   0.05784  0.001397
     70/99    0.877G   0.02975   0.05738  0.000644   0.08777         3       640     0.944     0.894    0.9394    0.5977   0.02758   0.05778  0.001318
     71/99    0.877G   0.02973   0.05691  0.000558    0.0872        14       640    0.9466    0.8932    0.9396    0.5982    0.0276   0.05776  0.001331
     72/99    0.877G   0.02952   0.05636 0.0005823   0.08646        90       640    0.9478     0.894    0.9403    0.5992   0.02756   0.05761  0.001352
     73/99    0.877G   0.02967   0.05722 0.0005476   0.08744        10       640    0.9438    0.8961    0.9395    0.5976    0.0276   0.05764  0.001404
     74/99    0.877G   0.02923   0.05529 0.0004977   0.08502         7       640    0.9464    0.8983    0.9405    0.5982    0.0276   0.05767  0.001413
     75/99    0.877G   0.02927   0.05591 0.0006159    0.0858         7       640    0.9474    0.8929    0.9397    0.5978   0.02758   0.05771  0.001338
     76/99    0.877G   0.02936   0.05611 0.0005867   0.08606        30       640    0.9447     0.894    0.9401     0.599   0.02754    0.0577  0.001385
     77/99    0.877G    0.0294   0.05633  0.000555   0.08629        20       640    0.9408    0.8991    0.9394    0.5985    0.0275   0.05777  0.001407
     78/99    0.877G   0.02929   0.05549 0.0005575   0.08534         1       640    0.9428    0.8943    0.9382    0.5985   0.02756   0.05778  0.001359
     79/99    0.877G   0.02933   0.05666 0.0006036    0.0866        13       640    0.9478    0.8912    0.9397     0.598   0.02756   0.05782  0.001371
     80/99    0.877G   0.02909   0.05572 0.0004554   0.08527         9       640    0.9406    0.8985    0.9403       0.6   0.02749   0.05779  0.001411
     81/99    0.877G   0.02908   0.05595 0.0004862   0.08552        16       640    0.9457    0.8931    0.9406     0.601   0.02749   0.05791  0.001427
     82/99    0.877G   0.02906   0.05574 0.0004282   0.08523         4       640    0.9427    0.8948    0.9417    0.6017   0.02745   0.05787   0.00144
     83/99    0.877G   0.02878   0.05535  0.000571   0.08471        16       640    0.9403    0.8966    0.9413    0.6008    0.0275   0.05793  0.001423
     84/99    0.877G   0.02897   0.05549 0.0004986   0.08496         5       640    0.9427    0.8984    0.9413    0.6019   0.02751   0.05794  0.001432
     85/99    0.877G    0.0287   0.05485 0.0004381   0.08399        11       640    0.9451    0.8985    0.9419    0.6024   0.02751   0.05795  0.001375
     86/99    0.877G   0.02895   0.05494 0.0004698   0.08437         2       640    0.9428     0.899    0.9417     0.601    0.0275   0.05785  0.001347
     87/99    0.877G     0.029   0.05582 0.0004271   0.08524         3       640    0.9474     0.895    0.9423    0.6014   0.02749   0.05784  0.001345
     88/99    0.877G   0.02857   0.05508 0.0003996   0.08405         5       640    0.9455    0.8978    0.9417    0.6022   0.02747   0.05782  0.001362
     89/99    0.877G   0.02887   0.05563 0.0004063   0.08491        62       640    0.9443    0.8988    0.9417    0.6013   0.02747    0.0578   0.00132
     90/99    0.877G   0.02896   0.05522 0.0005092   0.08469        51       640    0.9503    0.8941    0.9421    0.6019   0.02746   0.05781  0.001325
     91/99    0.877G    0.0289   0.05583 0.0004584   0.08519        89       640    0.9401     0.901    0.9414    0.6009   0.02747   0.05786  0.001366
     92/99    0.877G   0.02864   0.05606 0.0004617   0.08516        12       640    0.9467    0.8933     0.941     0.601   0.02748   0.05786  0.001357
     93/99    0.877G   0.02874   0.05562 0.0004084   0.08478         9       640    0.9496    0.8933    0.9412    0.6022   0.02744   0.05779  0.001346
     94/99    0.877G   0.02873   0.05502  0.000424   0.08418        48       640    0.9482     0.895    0.9416     0.602   0.02746   0.05777  0.001373
     95/99    0.877G   0.02845   0.05478 0.0003336   0.08356        69       640    0.9473    0.8964    0.9426    0.6022   0.02747   0.05776  0.001383
     96/99    0.877G   0.02828   0.05433 0.0004076   0.08303        36       640    0.9435    0.8995    0.9425    0.6018   0.02746   0.05781  0.001421
     97/99    0.877G   0.02855   0.05493 0.0004437   0.08393         5       640    0.9419    0.9005    0.9424    0.6018   0.02745   0.05784  0.001418
     98/99    0.877G   0.02853   0.05481 0.0004384   0.08377        83       640    0.9515    0.8924    0.9422    0.6027   0.02743   0.05788  0.001439
     99/99    0.877G   0.02851   0.05547 0.0003777   0.08436        52       640    0.9436    0.9017    0.9412    0.6021   0.02744   0.05792  0.001426
